0.91588 0.43670177 0.883 0.000 0.000 0.470
0.91241366 0.4178017 0.879 0.000 0.000 0.476
0.9982418 0.3738466 0.823 0.000 0.000 0.569
0.5789349 0.36763343 0.978 0.000 0.000 0.207
0.88810664 0.36618876 0.876 0.000 0.000 0.482
1.0328542 0.3511255 0.798 0.000 0.000 0.603
0.91688585 0.32933328 0.852 0.000 0.000 0.524
0.8926888 0.3241917 0.862 0.000 0.000 0.508
0.89149934 0.32600433 0.863 0.000 0.000 0.506
0.9674042 0.32501245 0.826 0.000 0.000 0.564
0.9927212 0.28226972 0.801 0.000 0.000 0.599
1.1034532 0.46136856 0.776 0.000 0.000 0.631
1.2220488 0.6422576 0.681 0.000 0.000 0.732
1.2109685 0.6215972 0.695 0.000 0.000 0.719
1.2175862 0.63558286 0.687 0.000 0.000 0.727
1.0328671 0.32919487 0.793 0.000 0.000 0.610
0.9679133 0.21998855 0.794 0.000 0.000 0.608
0.95518893 0.18265998 0.788 0.000 0.000 0.616
0.98161125 0.09942764 0.749 0.000 0.000 0.663
1.0713309 0.20037486 0.740 0.000 0.000 0.672
1.0721828 0.22383219 0.746 0.000 0.000 0.666
0.93638885 0.03564087 0.743 0.000 0.000 0.669
1.0258987 0.17727135 0.755 0.000 0.000 0.656
0.9809071 0.09446305 0.747 0.000 0.000 0.665
1.1161444 0.35645968 0.752 0.000 0.000 0.659
0.9793256 0.11355649 0.754 0.000 0.000 0.656
1.0047623 0.1258188 0.748 0.000 0.000 0.664
1.0496804 0.1654831 0.741 0.000 0.000 0.672
0.9225704 0.31960845 0.846 0.000 0.000 0.533
0.860694 0.40779588 0.901 0.000 0.000 0.434
0.89391917 0.420981 0.889 0.000 0.000 0.457
0.8881998 0.37702438 0.880 0.000 0.000 0.476
0.9292668 0.26486063 0.826 0.000 0.000 0.563
0.9293192 0.20679155 0.807 0.000 0.000 0.590
0.6624896 0.29258996 0.938 0.000 0.000 0.347
